45
58
28 32 2 39 17 20 4 
46
5 6 1 15 4 
74
31 36 21 12 29 30 28 12 27 9 27 25 
72
18 41 13 22 45 4 43 44 
49
37 21 8 14 26 40 28 37 17 29 43 10 28 2 
75
36 25 8 39 
78
24 44 39 27 6 14 35 38 33 
50
11 23 33 23 14 6 23 5 4 31 37 
85
43 17 11 12 42 35 21 30 45 10 3 13 39 2 25 6 23 36 32 5 40 38 43 
37
34 18 18 8 35 45 28 6 
69
21 3 7 14 39 1 32 6 18 26 38 32 43 8 18 37 36 25 
87
15 42 9 22 18 14 22 
51
24 30 9 29 5 
72
23 36 20 37 
67
36 15 30 24 8 11 6 21 28 30 35 20 15 22 18 29 7 40 28 
73
10 39 24 33 31 28 37 26 26 13 31 28 35 6 22 15 
65
38 21 39 1 25 
46
34 6 17 8 39 25 25 39 40 29 36 40 44 8 
42
19 32 35 4 
64
23 6 41 11 11 2 20 14 28 43 5 1 45 17 13 26 
51
19 9 3 35 36 5 
63
27 23 6 25 20 20 38 12 22 
48
24 27 21 20 9 15 45 11 45 16 16 
57
12 9 13 19 17 14 18 33 17 10 40 34 15 25 11 1 34 44 
69
42 16 41 29 7 10 34 34 28 29 12 16 9 18 17 11 15 30 
43
2 38 9 22 16 13 40 10 4 24 1 
49
18 23 12 30 8 26 29 18 37 42 41 27 9 
45
40 39 28 44 29 35 8 10 8 37 41 9 9 34 
86
20 16 42 5 31 37 17 6 44 19 12 
50
32 3 19 18 33 30 36 1 42 4 4 42 8 
77
17 26 40 40 34 44 36 18 8 19 12 
44
25 42 28 40 20 35 43 6 33 6 35 43 43 26 2 
39
43 33 1 4 14 6 18 23 26 37 39 33 21 4 27 
78
33 10 36 7 32 23 3 16 18 42 28 38 22 41 40 
57
7 4 41 18 12 17 16 32 1 6 38 1 14 7 
68
25 17 44 17 8 7 42 45 27 20 8 31 24 23 6 23 39 44 12 42 8 25 5 11 10 
71
32 9 36 10 11 18 14 32 40 1 4 40 37 24 14 5 1 44 
57
29 39 21 41 40 26 29 11 45 24 9 32 35 25 36 
86
30 25 8 31 32 43 36 2 38 12 14 7 38 45 40 15 6 45 11 11 25 20 5 45 24 45 
77
24 19 6 12 21 45 31 41 21 18 1 37 
35
36 30 1 33 13 21 26 34 39 27 44 32 10 10 
44
24 8 34 29 15 13 43 20 9 12 23 19 
55
19 40 22 17 45 22 24 33 31 29 13 
63
39 15 14 37 
85
13 42 34 2 24 
41
39 42 5 44 18 1 45 10 37 15 19 5 
53
12 44 17 35 37 
88
16 12 45 3 37 9 3 38 42 43 45 8 17 26 42 
36
33 32 32 44 5 31 28 28 26 19 29 18 25 
45
1 41 39 15 22 31 16 17 45 29 33 8 6 29 
89
17 39 23 14 23 41 12 36 10 29 43 24 6 
49
23 28 3 30 24 43 3 10 1 23 45 44 23 18 25 5 25 20 
31
45 8 28 37 1 41 13 6 3 37 1 24 25 
77
11 19 20 22 10 14 2 7 12 34 23 9 6 7 18 3 1 30 
44
43 40 40 30 13 41 44 2 
89
9 39 7 9 14 
62
32 1 30 17 8 26 11 12 2 2 14 4 23 38 24 33 8 
60
32 29 1 38 37 11 20 31 19 
72
35 20 21 14 45 26 22 11 14 24 5 
39
3 5 2 18 40 35 
73
42 10 22 44 9 4 44 17 24 28 16 39 3 26 
50
29 42 31 19 40 40 31 30 26 28 
52
4 30 19 9 34 23 12 18 10 43 39 33 41 18 30 2 40 33 
77
4 6 12 35 21 38 13 30 7 32 24 36 32 3 21 44 18 31 27 43 
40
7 2 24 2 12 
71
39 5 33 16 1 38 11 
57
13 31 20 36 24 34 31 24 
31
13 32 26 19 37 11 18 36 18 35 14 17 
86
40 11 7 11 12 41 34 23 1 16 22 40 
88
32 29 16 22 19 41 10 4 6 36 41 24 27 24 9 
40
8 28 23 41 18 6 11 43 26 2 5 21 7 28 
34
41 15 7 9 42 44 15 42 
46
21 9 10 11 5 28 4 32 33 11 21 38 2 4 23 
82
34 4 32 12 25 17 39 
58
33 3 6 43 37 24 14 38 1 24 13 21 14 28 36 
72
9 14 
35
30 
53
35 12 24 24 27 3 18 12 25 39 45 4 31 1 7 42 
43
17 44 29 12 16 31 14 9 26 31 44 44 15 17 30 39 8 20 
52
42 21 26 34 21 28 2 
57
37 41 30 
57
15 2 16 42 12 23 2 29 40 43 14 1 23 3 
57
7 43 27 31 44 8 39 36 13 40 31 11 8 36 39 13 43 
48
16 23 32 38 11 8 2 23 25 40 39 39 9 28 44 22 16 43 7 16 44 
63
8 23 33 45 16 37 41 43 21 12 9 
35
27 40 1 9 11 21 25 23 
73
5 45 34 45 12 22 10 38 31 
66
19 6 35 45 36 19 35 41 12 11 
66
35 43 36 23 32 43 8 25 35 38 15 19 
53
5 38 43 36 9 13 18 4 31 7 24 14 32 38 33 33 8 
48
5 29 2 8 42 2 1 8 7 25 1 
42
1 41 28 19 4 30 1 43 10 34 25 37 1 32 
38
26 5 28 31 14 6 17 17 22 14 18 28 18 4 15 25 15 32 45 44 6 1 
47
1 32 29 18 24 41 5 39 38 
69
29 19 22 17 40 15 3 21 30 24 
88
15 41 30 32 43 41 28 15 4 
44
2 32 10 20 30 27 9 19 25 35 35 33 16 28 
61
8 3 
41
35 5 22 5 34 5 43 2 29 
50
28 8 40 31 25 20 9 43 43 37 15 20 32 19 20 
64
42 36 7 16 6 10 17 34 8 36 24 18 35 27 33 2 43 
43
12 23 23 15 21 13 40 30 45 43 12 
32
27 31 26 38 5 19 43 20 27 38 
57
8 5 11 34 35 10 1 30 
78
36 27 17 6 32 26 24 24 3 13 24 5 14 38 43 38 
35
24 37 24 24 13 35 18 23 26 1 17 27 44 40 22 19 40 38 42 
57
27 3 31 11 19 42 39 2 30 13 21 
71
30 25 44 33 9 36 43 15 30 11 8 38 38 
44
22 33 39 11 5 1 39 7 25 8 22 
79
42 33 33 21 27 17 9 21 38 4 
35
22 4 20 19 42 38 21 33 5 27 29 6 42 6 20 22 8 19 27 28 
50
19 39 35 22 3 23 32 44 30 6 11 39 15 13 
80
24 32 21 35 20 23 33 15 33 10 4 11 30 31 16 44 22 33 31 45 12 35 32 6 35 45 35 
60
37 27 40 32 26 10 15 2 35 6 34 2 39 45 42 20 41 36 7 16 35 
60
8 31 45 34 32 32 6 39 26 30 27 41 38 21 24 
40
2 32 30 9 22 34 35 22 24 3 1 45 37 27 20 
53
35 32 18 24 16 
37
32 39 26 38 42 2 38 13 33 9 42 
36
32 37 30 10 9 7 45 25 27 34 
48
43 19 25 36 15 29 5 11 14 34 5 1 18 
60
36 39 21 44 12 8 32 43 23 2 43 19 18 28 
70
33 5 4 5 38 45 14 26 29 26 8 21 43 11 13 8 
80
44 17 5 21 18 4 4 24 19 9 31 1 29 
65
33 32 2 11 31 22 45 22 25 
85
19 43 20 34 26 18 22 43 27 9 
43
36 43 45 21 15 10 5 5 11 14 44 30 
64
12 10 24 28 7 33 22 31 32 3 35 29 8 37 
38
42 25 9 44 14 10 40 34 21 2 12 26 2 23 12 
58
3 27 24 40 40 26 9 13 36 12 26 5 2 33 24 20 18 25 34 26 39 
60
5 41 28 18 31 36 24 26 25 39 37 40 2 28 
61
30 6 7 30 38 1 43 21 23 37 29 14 23 
57
38 26 44 44 17 6 12 31 15 10 9 44 18 38 8 21 16 24 41 
60
17 6 26 43 42 16 37 8 25 45 
71
25 12 5 21 29 4 30 29 22 1 36 
54
6 19 32 
79
20 26 36 25 14 37 12 
47
26 34 17 4 25 26 4 34 41 25 36 3 
64
7 16 9 25 
34
28 6 43 38 39 32 32 32 43 3 43 34 3 13 14 40 35 22 13 23 34 30 5 8 12 6 
54
24 11 41 25 27 7 41 30 39 33 37 13 36 
37
38 10 9 28 45 36 9 12 26 29 32 35 
48
40 3 40 42 5 
43
13 34 16 32 36 26 26 33 43 13 24 5 
35
1 42 13 27 7 7 43 2 33 37 8 23 39 29 14 11 8 20 22 17 
86
34 21 8 
81
5 
34
25 37 20 22 32 9 30 45 11 24 31 
62
1 8 3 6 23 27 19 45 41 36 32 4 28 25 13 5 38 
71
9 41 34 24 27 16 35 22 18 30 25 6 23 42 
40
20 25 22 2 13 1 19 6 14 12 
50
40 14 35 21 
33
6 11 31 17 8 35 18 16 21 25 13 12 37 43 14 19 
85
33 23 44 39 34 22 21 
44
11 2 7 31 4 42 22 32 18 21 
71
16 34 11 36 20 13 45 34 5 5 36 42 20 19 6 17 
82
34 23 31 40 
88
34 28 8 38 
45
29 39 38 30 44 15 8 17 21 
89
31 35 25 19 29 43 15 34 
56
34 15 44 32 17 36 18 28 24 3 41 
48
14 36 3 42 6 37 39 41 
40
12 27 11 43 1 2 7 9 9 17 11 15 23 14 3 
61
27 10 16 39 24 26 21 14 27 
53
2 11 10 24 21 16 8 21 1 24 40 11 13 26 40 26 37 34 1 33 38 20 20 44 
80
21 36 7 38 41 25 32 7 34 34 29 41 
37
4 43 17 29 16 31 7 11 
35
30 43 22 4 20 37 38 44 31 16 39 13 21 31 44 45 44 21 8 40 
55
32 16 16 
62
24 20 14 12 11 9 27 40 6 
55
12 2 23 22 16 34 5 34 34 16 32 39 21 20 
79
20 10 28 27 30 8 15 28 33 26 36 7 34 35 34 23 45 42 
52
32 38 25 34 34 21 3 28 17 
42
27 39 9 23 37 16 
86
43 26 6 
57
3 19 17 39 27 27 24 8 42 39 37 
33
29 27 43 42 3 9 11 33 36 28 14 36 31 39 33 3 1 28 28 28 15 31 22 45 16 40 24 23 17 2 29 27 9 11 22 
30
32 24 
79
18 3 15 17 39 43 2 30 45 8 43 
67
4 27 12 17 18 33 35 16 34 
39
28 39 42 26 40 9 
64
22 22 36 12 
45
42 8 15 27 31 41 44 
46
44 36 22 6 15 31 35 17 39 45 4 25 19 17 32 40 44 40 34 16 21 25 
80
6 40 10 27 26 15 18 35 43 8 2 3 35 36 8 30 
72
38 9 27 21 18 41 26 11 45 8 25 34 19 42 
68
15 42 38 36 1 23 41 16 
31
7 34 45 45 23 44 44 12 36 7 38 
55
33 30 24 33 28 28 33 20 
32
1 4 27 17 18 45 4 33 
75
45 6 17 42 22 30 32 31 17 39 26 
49
39 26 16 3 4 20 45 12 41 32 
60
18 16 32 42 9 38 39 7 30 42 37 11 5 41 39 10 13 37 45 27 24 
32
6 42 20 44 30 42 23 42 31 44 13 14 13 33 34 17 17 38 27 22 21 
40
30 15 36 43 32 26 19 9 40 16 35 42 11 5 6 28 
43
4 20 12 6 37 36 
80
10 25 39 36 5 25 31 44 42 10 26 5 33 
50
33 45 14 10 7 2 21 3 23 37 28 35 44 10 6 23 38 29 43 7 23 31 41 43 7 33 12 23 11 18 6 7 
43
14 18 36 43 8 3 33 
81
42 13 12 31 44 3 4 9 28 
86
42 2 40 45 11 5 12 1 31 3 8 40 8 5 41 14 19 23 24 39 38 
30
